# V7 + V1 Cross-Asset Correlation Audit (2026-05-23T12:54)

## Context
- V7 basket = 6 assets: FET (4 engines), APT (2), AR (2), FIL (2), DOT (1), ICP (1)
- V1 basket = 18 assets
- If V7 assets are HIGHLY correlated, the basket effectively trades fewer independent bets than 6.
- Effective Number of Bets (ENB) via entropy of eigenvalues — Lopez de Prado / Maybe Boyle approach

## V7 Correlation Matrix (TRAIN close.pct_change)

```
       FET    APT     AR    FIL    DOT    ICP
FET  1.000  0.439  0.534  0.472  0.522  0.422
APT  0.439  1.000  0.507  0.523  0.531  0.445
AR   0.534  0.507  1.000  0.611  0.604  0.514
FIL  0.472  0.523  0.611  1.000  0.744  0.672
DOT  0.522  0.531  0.604  0.744  1.000  0.628
ICP  0.422  0.445  0.514  0.672  0.628  1.000
```

## V1 Correlation Matrix (TRAIN close.pct_change)

```
        AAVE    ADA   AVAX    BTC    ENJ    FET    FIL  FLOKI   HBAR    ICP   LINK    LTC   NEAR   PEPE    SOL  SUPER    WLD    ZEC
AAVE   1.000  0.658  0.550  0.599  0.631  0.579  0.639  0.423  0.407  0.428  0.615  0.580  0.548  0.456  0.550  0.262  0.344  0.666
ADA    0.658  1.000  0.696  0.670  0.700  0.532  0.617  0.456  0.404  0.470  0.627  0.646  0.551  0.486  0.617  0.372  0.355  0.655
AVAX   0.550  0.696  1.000  0.591  0.584  0.482  0.527  0.362  0.351  0.440  0.546  0.496  0.581  0.365  0.693  0.309  0.319  0.505
BTC    0.599  0.670  0.591  1.000  0.630  0.536  0.554  0.480  0.391  0.430  0.555  0.529  0.510  0.612  0.640  0.333  0.321  0.538
ENJ    0.631  0.700  0.584  0.630  1.000  0.545  0.633  0.581  0.432  0.463  0.582  0.593  0.555  0.573  0.522  0.398  0.429  0.682
FET    0.579  0.532  0.482  0.536  0.545  1.000  0.511  0.406  0.406  0.357  0.467  0.387  0.580  0.412  0.537  0.264  0.446  0.509
FIL    0.639  0.617  0.527  0.554  0.633  0.511  1.000  0.523  0.400  0.555  0.510  0.568  0.537  0.480  0.490  0.268  0.468  0.661
FLOKI  0.423  0.456  0.362  0.480  0.581  0.406  0.523  1.000  0.292  0.265  0.417  0.456  0.374  0.727  0.373  0.253  0.290  0.502
HBAR   0.407  0.404  0.351  0.391  0.432  0.406  0.400  0.292  1.000  0.262  0.335  0.326  0.351  0.318  0.375  0.219  0.275  0.391
ICP    0.428  0.470  0.440  0.430  0.463  0.357  0.555  0.265  0.262  1.000  0.391  0.379  0.409  0.287  0.368  0.277  0.433  0.418
LINK   0.615  0.627  0.546  0.555  0.582  0.467  0.510  0.417  0.335  0.391  1.000  0.537  0.480  0.441  0.591  0.350  0.315  0.600
LTC    0.580  0.646  0.496  0.529  0.593  0.387  0.568  0.456  0.326  0.379  0.537  1.000  0.395  0.406  0.452  0.267  0.321  0.607
NEAR   0.548  0.551  0.581  0.510  0.555  0.580  0.537  0.374  0.351  0.409  0.480  0.395  1.000  0.363  0.535  0.234  0.390  0.549
PEPE   0.456  0.486  0.365  0.612  0.573  0.412  0.480  0.727  0.318  0.287  0.441  0.406  0.363  1.000  0.438  0.312  0.274  0.487
SOL    0.550  0.617  0.693  0.640  0.522  0.537  0.490  0.373  0.375  0.368  0.591  0.452  0.535  0.438  1.000  0.303  0.319  0.460
SUPER  0.262  0.372  0.309  0.333  0.398  0.264  0.268  0.253  0.219  0.277  0.350  0.267  0.234  0.312  0.303  1.000  0.204  0.326
WLD    0.344  0.355  0.319  0.321  0.429  0.446  0.468  0.290  0.275  0.433  0.315  0.321  0.390  0.274  0.319  0.204  1.000  0.412
ZEC    0.666  0.655  0.505  0.538  0.682  0.509  0.661  0.502  0.391  0.418  0.600  0.607  0.549  0.487  0.460  0.326  0.412  1.000
```

## Summary statistics

| Basket | n_assets | median pair_corr | mean pair_corr | max pair_corr | min pair_corr | ENB (eff #independent bets) | ENB/n_assets |
|---|---:|---:|---:|---:|---:|---:|---:|
| V7 | 6 | 0.523 | 0.545 | 0.744 | 0.422 | **3.48** | 58.1% |
| V1 | 18 | 0.460 | 0.463 | 0.727 | 0.204 | **7.64** | 42.4% |

## Verdict


**Interpretation for deploy**:
- V7's nominal 6-asset basket has REAL diversification only if pairwise corr is moderate.
- If ENB is much less than n_assets, the basket's variance is dominated by a few common factors (likely BTC-beta + crypto-market-beta).
- V1's 18-asset basket should have higher ENB and lower concentration risk.